Position;Url
1;https://fr.wikipedia.org/wiki/D%C3%A9p%C3%B4t-vente
2;https://www.troc.com/fr
3;https://www.pagesjaunes.fr/activites/depot-vente.html
4;https://www.pretachanger.fr/depot-vente-cms-47.html
5;https://www.lacaverne.com/
6;https://fr.mappy.com/activite/depots-ventes-vetements
7;https://fr.vestiairecollective.com/sell-clothes-online/
8;https://www.troc-de-richwiller.fr/
9;https://bpifrance-creation.fr/activites-reglementees/depot-vente
10;https://www.lacledestemps.com/fr/deposants/login/default
11;https://actu.fr/normandie/vire-normandie_14762/un-nouveau-depot-vente-de-vetements-a-ouvert-dans-cette-ville-du-calvados_62550462.html
12;https://www.larousse.fr/dictionnaires/francais/d%C3%A9p%C3%B4t-vente/23880
13;https://www.sudouest.fr/gironde/lesparre-medoc/lesparre-medoc-un-jeune-entrepreneur-monte-un-depot-vente-de-voitures-d-occasion-23905217.php
14;https://www.bfmtv.com/normandie/replay-emissions/bonjour-la-normandie/evreux-unnouveau-depot-vente-a-ouvert-ses-portes-avec-des-prix-attractifs_VN-202410210242.html
15;https://www.telephone.city/guide/commerce/depot-vente/
16;https://www.legalstart.fr/fiches-pratiques/commerce/ouvrir-depot-vente/
17;https://www.pagesjaunes.fr/activites/magasin-depot-vente.html
18;https://www.captaincontrat.com/exercer-un-metier/metiers-commerce/ouvrir-un-depot-vente-les-etapes-a-respecter
19;https://www.timeout.fr/paris/shopping/depot-vente
20;https://www.leblogdudirigeant.com/ouvrir-depot-vente/
21;https://www.legalstart.fr/fiches-pratiques/relations-commerciales/contrat-depot-vente/
22;https://www.legalplace.fr/guides/ouvrir-depot-vente%E2%80%89/
23;https://www.petitfute.com/d3-paris/c1168-shopping-mode-cadeaux/c1077-bons-plans/c470-depot-vente/
24;https://trocmod.com/
25;https://fr.mappy.com/activite/depots-ventes-vetements/75000-paris
26;https://www.ledressingideal.fr/les-meilleurs-depots-vente-de-paris/
27;https://www.placedescommerces.com/vente-depot-vente,s509
28;https://www.guide-des-landes.com/fr/adresses-utiles/vie-quotidienne/depot-vente.html
29;https://www.petitfute.com/d47-essonne/c1168-shopping-mode-cadeaux/c1077-bons-plans/c470-depot-vente/
30;https://www.depot-vente-luxe.fr/
31;https://www.cornerluxe.com/fr/content/20-vetements
32;https://www.la-marelle-paris.fr/
33;https://www.118712.fr/annuaire/ville/rennes-35/depots-vente-vetements
34;https://www.friperie-factory.com/
35;https://www.mondepotvente.com/
36;https://www.tactill.com/blog/depot-vente-vetements-occasions/
37;https://trocmod.com/je-depose-je-vends/
38;https://ledicia.fr/jai-teste-le-depot-vente-de-vetements/
39;https://www.cc-paysdepontchateau.fr/contacts/les-placards-enchantes-de-melle-c/
40;https://depotsvente.nosavis.com/
41;https://www.ladepeche.fr/2025/02/06/un-nouveau-depot-vente-de-vetements-ouvre-12494526.php
42;https://www.pariscommerces.fr/portraits-de-commercants-artisans/yalla-store-depot-vente-paris-10e
43;https://paca.chambres-agriculture.fr/nos-services/reglementaire/commercialiser/depot-vente/
44;https://reusses.com/
45;https://dictionnaire.lerobert.com/definition/depot-vente
46;https://www.matmut.fr/assurance/auto/conseils/vehicule-depot-vente
47;https://www.linternaute.fr/argent/guide-de-vos-finances/1407204-le-principe-du-depot-vente/
48;https://www.youtube.com/watch?v=aHim4IfpKbQ
49;https://www.depot-vente-de-tours.com/
50;https://www.cashexpress.fr/
51;https://www.letroc.fr/
52;https://www.depotventeduleon.com/
53;https://www.rennes-troc.com/
54;https://www.estrepublicain.fr/economie/2025/01/04/avec-son-depot-vente-adrien-rota-entame-son-conte-de-fees
55;https://www.ledepotventedelens.com/
56;https://www.depotventebannier.fr/
57;https://www.troc.com/fr/lyon-st-fons-m7
58;https://fr.wiktionary.org/wiki/d%C3%A9p%C3%B4t-vente
59;https://www.kollect.kiabi.com/
60;https://entreprendre.service-public.fr/vosdroits/F23207
61;https://www.cornerluxe.com/fr/content/29-depot-vente-paris-16-Victor-Hugo
62;https://www.ouest-france.fr/bretagne/rennes-35000/chez-troc-com-on-depoussiere-le-depot-vente-a-rennes-7a071c44-df8b-11ed-84ca-8427bd315c16
63;https://multiboutiques.magasin.click/accueil/20-depot-vente-2067063138147.html
64;https://magasins.easycash.fr/
65;https://depotcamp.fr/
66;https://www.lasemainedelallier.fr/moulins-qui-nouvelle-boutique-depot-vente/
67;https://www.instagram.com/troc_en_stock/?hl=fr
68;https://www.cashconverters.fr/
69;https://www.entrepot-du-bricolage.fr/
70;https://www.facebook.com/intemporel.depot.vente/?locale=fr_FR
71;https://actu.fr/auvergne-rhone-alpes/aurillac_15014/depot-vente-pour-les-vehicules-de-loisirs-ce-nouveau-magasin-qui-sent-bon-les-vacances-a-aurillac_62297353.html
72;https://www.collectorsquare.com/
73;https://www.ouest-france.fr/nouvelle-aquitaine/thouars-79100/clap-de-fin-pour-le-depot-vente-pour-enfants-dans-la-zone-commerciale-du-leclerc-pres-de-thouars-30726aa8-2682-11f0-8e4d-80235dd3728c
74;https://bpifrance-creation.fr/entrepreneur/actualites/ouvrir-depot-vente
75;https://www.happycash.fr/
76;https://www.vosges.gouv.fr/Demarches/Revendeurs-d-objets-d-occasion-brocanteurs-ferrailleurs-vendeurs-de-vehicules-depot-vente
77;https://www.ets-jacqueline.com/
78;https://www.recyclivre.com/
79;https://augrenierdecaroline.fr/
80;https://www.kyodai-et-aniki.com/
81;https://www.facebook.com/troccomderennes/videos/le-concept-de-d%C3%A9p%C3%B4t-vente-ou-achat-cash-%C3%A7a-se-passe-comment-1-s%C3%A9lectionnez-vos-o/1125732718922448/
82;https://www.nord.gouv.fr/Demarches/Activites-et-professions-reglementees/Revendeurs-d-objets-mobiliers-brocanteurs-antiquaires-depot-vente
83;https://fr.nextdoor.com/pages/depot-vente-deluxe/
84;https://www.easycash.fr/
85;https://www.electrodepot.fr/
86;https://www.creditmunicipal.fr/
87;https://www.economie.gouv.fr/mediation-conso/vous-etes-un-consommateur/quel-mediateur-saisir/mediateurs-references
88;https://www.hunyvers.com/
89;https://agenceauto.com/fr/fr/
90;https://www.facebook.com/zannouvente/?locale=cy_GB
91;https://www.sasiecenter.com/
92;https://encheres-domaine.gouv.fr/hermes/biens-mobiliers/vehicules
93;https://www.happycash.fr/trouver-mon-magasin/
94;https://www.fnac.com/guides/common/reprise/default.aspx
95;https://www.transakauto.com/
96;https://emmaus-france.org/
97;https://www.decathlon.fr/reprise-materiel-de-sport_lp-MSHCCZ
98;https://www.simplicicar.com/
99;https://www.pretachanger.fr/inscription_offre_16.php
100;https://www.gibert.com/je-vends